200
10101111101111010001111001100110001011101011011011001110001100010011110011111111011111110011101110111111001101111111110101011011111101110010111010101100101110110111011000110011101010010111010010001111
01101111010111110100101111111100111011111101010101101101111100001101111010000110101101010111001111011111110010101111110110011111110111101111101101111011110111110111101101111111000101101100111001110001
11110110111110001111001011101011001001010010110111111010111111110001011111110000111101001110101111010001111001111111101111101011100011101011011110011100101010110111111110011111010101110110001101111001
00111111111100101000110011011011111100110110001111111111111111110111101011111001000111100101011011101010111011100011111010101110011111101010101111110000110101110101111011110001110011111010111111111000
11011111110011111111111111011010110010111010100100111111111101111010010001110111011111111111101111101111111101010010111101100110110011111001001101101101010111011000111100110001011111101111101100111100
11111111111101110001001100010000111111111100110110010111001111001101101111111100001111111011110101111110111110111111111101011111111101111101010000111101011011110111111001111101011010111101000101101110
11111110011111110000000100001111011001110101111100111001011100101011110001001101011011111011110010111101011110011011001111010111101011011101000110010001111110111010100010011101011111101111110000001100
11011101101010011101110001011010001111110111110001110010111000111111111011111110101010110000110111011001100111111101011100011010111000110011001111011110110101010111000101111111111001010010111111101110
10111101110111011010111110110110111110001110011111011111101101111011110101111110000110000100010000100100110110011100001100111001110001000111010101101010110110111110101111011011100111100100001101101111
01111110110001011111110110100001010001111111011101111111000110101101000111100011000011101110011011101110111111110111111110001010100001001111011011110111011001101111110001011100111000111110110101001111
10110111001001111010111001111001101001101101111101100101011110111101101111101111001111011110110111110111101111101010001111010111001111100110111001011011010001110100000111101111011110001110101010001011
11110110100101111110111011110100001111111001110110101110000111001111010111001110101111101011011100001010000100110100001111110100111110011101100011001001111111101101110001011001111001010110111011110011
11101011100010001100100110011111110111001001111111110100110100110100101101110100000011011011101100011010100011011111111100011011110100001110111101001100110111101011110111101111101101111101100001111101
11001110111101011111110110111111111111111110110100100001011100111110011001010111100011110111111000110111011110100110000101110010111110111111111011011110100011011001111100011111011010111101110011011010
01011110001100110011110000110101011101111001011101111111011010011111011100011111100111110011000010110100100110110000101101011110100010111111110011111010111111000111100101110101011101110001001000111100
11001111111101111111111111111111000111011110011011111111111001111101111011111111001111000101001110011110110110100110111110101101101111111101011100111111011110111110100101111111000011111101101111001110
00111001111111011010111111111111101101111010010011011110010101100111101111011110010110010010010010111001111111011001110011011101101111110011110011100010110010111000111100111110010010110001101111110001
01101001010111010100101111011111110110110011110000111010010101110111101000010111011101010011001111001100101110111100101011111010101111111111010110001110001111110010111111001111000111101111000101110101
00101000111101111011011111101111011001001111111111011101011011001101000011010011100101111011101110011011101001000110110011001011100000000010110000111110100110110011001001000111111101011111110111011111
10101101010001110011100000011111110001001111110111011011111011110111110011011101011111111111100101111111111110110111011001110010011101111011110110101011100000111100101010111111111100011101000011101001
11011001111111111101110000101111111111111111001001110101101111011011010010101111100111111011110010000111010111001001010101101100011011111011111110011101011111011111000011011011101101101010111001100011
10011001111101111010111110100100000000000011111111111001111111000001010100000111011000000111001010110011101110100110101101001010111111101100101111101110011100110000010101111111100110110100110111011101
11101100101100011110011010101110100101110110111011110101011101111011110111111101100111010111101010010111111011011101111010001110110110101010000110101011001001111000000110001101001000101010011110110111
01001110110011011110010101111110000000011111101111101101111101011111010001101110111110000101111110000100000101101011000100101101100000110101000010011111101010101011101111110001111111001111001111111101
01111000110111011110011010100100110110111000001110110101000010100110111011011110011110110101011111111100111011101100111011101111101101001101111111100010111101010010111101110011111110100000011000010111
11111001001100011110000101110111101101101011111100110101111110000101011001000001010000000111000001111111001011111111001110110010100111111111011101110111000101111011100011010100111011010110111011001011
11100000111101111010111111110110111110010110111111110100101011011011000101011110111110110110100011001111011111011101100101101110111110011100111111011011001100011011111101011000001110100100110100101010
01011101101111111101000101110111010010111000011000110111011110010111110111001111111011001101011111111011111010110110011111001000010010011111100111000010110011000111110011111010000011011001011011001001
01111011001011011111101100001001101010000101111111011111110001100101110100110111000000100001110111111111100110010111111111111100110110000011111011000111110111101110010110111110100011000000100101001101
11000010100111111111111111110100001111111011111110011000011110100101011000011011001001010100011110111001110100111101110010101111101010110011111101000001100001101010111111101111101111001110011011111111
10111011100011011111101101110011111111010010111010100001010001111111000110111110010011011110100011000111111011111101011101111110101011110100101111110101110000011011111110011111111111010101111101101110
00110010011011111111100001011011010011011000110111100111100011101111101101111101011010110111000111110110011100111101111010111111110111011011011111001111110101110000101011111101101001011011110010110011
01011100101011001101101011101010111010111011101110010011110011100100100101010110110100101000001001010011010010111111011111011011111111100010110011011111111101111110001011001011011100110011001101110001
01011110110011100111100010110011111110110111111111111101111011000101011001001100001100111110111110000001010011111001111011011111111011111101110111011111001111001000001101001111111100111101101010111101
11110111101101101010100001101110111001110010111010100011011110001000011011101111011101101100010110001011101100011111101010111100111100010110111110011110111111110110111110001011101010111111110101100011
00010101100111111100101011100110010100011110011001001111001010001101010100011011100111100110001110100001110100010110100010101111111001111111101110101111011001010101111101010111001111010111000110110111
11001101100111010100100010111111110011001111101101110111101110001111101001100101111111011010011101111111100011011111110011100101010011101010100111101001011100101101001111011100111101110011010001011111
11100111011111111011101001000111001011111111110011111111101111010011111101110010101011111110100111111101011100111111101011101101110010011111110001111011010111101111011111111010101110111110011001110100
11011111011101101100101011010100111001110011001101111100101011001110110111010011010111111011110110111111101110011110100111011010110011110110111000101111110001110000110110111111101010111111000100110000
01111111010101111100101110110111111101111111110110100001011011011100111001110001100010011100110111100110111011011000101000111101110111110011100100111010011011010100101011001111111111001101101111011101
11001100111111111011100111010101100111011010111101011111111011101111111000111101011010010111111111011111101001101111000100110101110111111110010111010011011111010111011110111101100000111101111101011111
01010111111001010011101100101000010111010110011111111010101001111010111001101110101110101111111000110101100101111110110110000111110011111100011000000011101100111111100011001111101001001011001001011110
10111001110001011111111101100110111111111110101000111010001110011011010110011010100111011011111111100110100101101011001101100110111111011101101010111100111111010010100111011001101101000010111010100000
11000011011110100111110101001100110011110001111000110111011011010000011011111111111111101001011101011111101101111011101100111011111001011100011010101110101110110111010101011011010001010110111000101001
00101111001111000111011101101111111011011011111010111011101111111111111101111100010110110100111010111011111101111001110111101111001110101101111111110011011100010101111101010100110000101001001111011100
11100111111111111111011001111111011101011101111011001111001111010100001011011111110100101101011011111101111110010101110010110111110101111000010111110110001011100101011010011010111011111111001111110111
10010010111010110010111111111110111110101111111011100101010011111110011001101011100000011101111101101011011101111011010111111001111100101011111010101001101101101101111011000010111011001010110101111010
01111110111111100011010111101101110010111100000111011110011101110110011111010001111111110111001111011111100110111110001111011101001101110101011110101000100110110110100111111110111111111111100110000010
10110100100110011011011110101111111001010100111111111001101111100101110010101111000101101100101111111000111100010110001110111110011100110100100101011111110001100010010100000111011101000100111100110101
11110001111010111011111100101001010111101100011111111111110100011111110101010111010101001010100110000010100111010111011001100000111101101010111101011010010101110101011011010101111111011010101100011111
01111011011111110100111111110011011011110111101011101011011011110110111110010111111001111101111010111111111100111101101010000101111001111110001111111101011111011101011101111111011110110101011100100110
00111111110010111111111011111100110011101111100111011111111011110111001110111010111111101010101111011000110010111000000101100010110111111010011111001001000111110111101101001011011100010111100110101010
11111010110100111111010100001100010101101110110111111110000111111101111110101111010000110001011111111111110111011111111110110111110011111101101111111111111111100010011111011001011111010111011101110101
11011100111110111010101111111001010111101001011101011110110110111110101011001111100001110011111100100100111110100111010101101100010001110011001110110011101000101110011101001100011110011000110110010011
10111101110100111101000000011001101111001111110101111111110001111010101111111100000111011111110001011100111100100000111110000011110001010101101101100111111011110111010101111111100100111010001100011100
01011110111001110011111111011011111111011001111011110011010001001101100101101111011011110001110101011010101011111010111000111101111011111001001000001001101111111010110000000100111110101001101111111111
01111001100010010001110101101001110011101100100011010110110001101001001111111000111101111110101011111111100010111101001011110101011010101101010110001111111001011111110101111011101001110001111111011101
01111011001011111111011101011110111000011001001101110111111101111100101011001100110111111011101010100111011010010111001111011111111110011110101111111110011111111111101110111010010101011110111110001101
11111111101001110011111101110100011111111111110110110000011101000111110110111111011111111111011101001010001110101010010011001001101111100111111111101110011110101001001100111010001001011011011100111101
11111110111111001100111101010100001011000010110111001100011101010010010110001000011111001001110110010011010001111110111101001011000010011111010111000100111100111010001010110101011101101111110001111010
00110100011100100011110011110101111111111011111010111100000011111101111011110011110010111010111110010010011111110011110100011110101010110111101010101101111111101100110001011111010110111101111101111100
00111100100100011111111100101011110001111101111110111011111111101101011100010001110101000010101111110101101111111101011001111110111111011101101101010011101101011111000100100011011001001011110111101111
00111011111011011101001010001111100000001100101110111110110011111110111100000110101101011001000101011010011100101111110010101101011100110111111101101101111110011011011111000011111001010011111011111111
10111001101011110101101100110010000001010111111101111110010110111111101010111001110100111001011110011101110100100010010011111000111001111101001011010010001010100010100111010101001011011100111111110101
01001111111101110010101100100011001110111110101001001111110011111101111011101110111011100111000101001111101111101000111110111110110111111001011110011101111101001101111101101101110110110101101101111111
01010101011111111111000111011111110110111000111111111101011011111100101010110100001101101111110010111111110111011111011111101011111100100010010111111101001010001111110110011000011110101000111110101011
10011011100101101101101110110011000011101110101101110110001100110010000010101101111011111010111000011110110011011111111101110111001101111110011110011101100110101110100011110111111000101100110001110000
11110111111100111111111101111111010111001010100011011001101011011001011000101000000111011111111011000101001011101110001011001010110011000111011101111011100011111000110011011111111010101101000001011011
11010111101010011101001010011001100011111100100011101111011010111100111110111111101001111110111101011101100110100111111001001101110101111011011011100110101110101111011001110110000111101111010001111011
11101011100101110001111111011100011101111111101111101000001111101001110111101001011001100101111000011000111011100101100010111010111111011101011001110101111011010110101101101011010100100111101110111011
01110101001011111100000011000101011011011101111100111110110011111101101110010110111100111110011101111111111010110110110001111011000100101111010111011111011111110010101111111111111101101110000111110000
00100100111110101000011000111011100101100010100101111011101101100000111100101000001011101110011111110100111100101111011101110111000000101000010010111111111011110110010101110101111000101100010101110010
11110101011100011011101010010010001000100011010110111110111110011110111010011101001011000010100101101010100111101111000000011001011001000011101100011100011011011110111110101010111001101111010101011101
10111111111111011011001111110001111011110101111101000111110010001000010001111001010111001011111011110111000010010010111101011111010001010011111000111110100011110100010010010111110101111101100101001011
10111101111010010000101100001011001011011101101010011011101010011111110101110101101011011110100100111010100110110111110011111110110011111111001001111001100111000111110101111011011011111011110110101011
10111101100011111111001010101111100101111011110101110010101011010100101011111100110111001011100001101000101010111101111001110010111011001111111100110110011101111111001010111110101000111101001111101110
10010111101100111001101110110111011100001111111010011111111100011011110111011001101110111101110101011111010001101001001111101111100001111111110011101111011011001011011101011111011001110011100111111100
11001111101111111101111110111011111010001101110011101111011000101110101010110110101100101111010111001111101010101000010110101001111100100000100111011011101111011100111111110011001100000000110001110111
11001001111101111110110110111110101101100111011011111101001010101000101000000111110011100110101011001110111101000111100111111101011011101010011101110100100001111111011001101010101101110111100110111110
10011010011001110111111001011101001110111001011111101101001011010010110011101011011001011101100011011101001111101111101111101111100010101010110110110111110011010111011111011001111110011101111111111111
01100001000101100010101100110000100111010111011100110100110011111010101000111110101001010100110001011010110010001101111010011110011101011110111100101010101111001000101011100101011010101111001111111111
10101010000000001101010111110011101010101001110101111001111111011010011001010011011010101011000101101011000101110110111011110111001011111101101010100110010100101011111111011010011110111001000001110101
11101111001100010101010110110101011011001101000100110001101100101110111110101101111111111110111011000100111110011111110100110110010001100111111111101110010100101100001101111110000100010101000100001111
11111100101100111111101110100000111110100111110111010010111101110101001001011100001110111001110111111001111101011101111000111111011001010000111111101111011010110111011111110111110101010010010111110110
10011111111111111001101110110011000111111111100100010011011110001011000111111010011111111001101111111001101001111010111011101010011001111111111100001111011000111011101011001101011011011011101011001111
11111110011111110111101000010110001111100011000111110111111101101111110111110011101011011001001111101111111111011000111001011010111101111101010011111101011111110100111011111100100011010111111101101100
10011111010101100011100010101001111101100101110110111101111010011110111100001110011110111110010110000101010111111111010011110111111011111001010111110011111101000000011100100110010001000111111100011110
11001111001011101111101010100111010011111010101100101111111010110011101000101001101111111101011011100001101011111111110101111010010110101010111111011101101001001010100000010100110010011111011111110111
00101110011110000011100000010010111011110111011011110010111110110111101101111101011111111010011011000111110100011111110011000100101010010011010100110111011101100010111011010111000101011010001101111011
01111000111001010001011111110111011101011100111110100010101000001101111100101111101000110111101111111010010100101001010100011101110100001100110101101101111011011001100101001010110011011110101111010010
11101110011111101111111001100011010111101110000101010110111011001111101111110110011000101111100110100111101011101001010111000011010110001111011001111001110101111101111101111011111001010001110110110011
11011110000111110111111111011001000000101111011100101111011100111101010001011101010111010111111111111110011010111011101001111101101111100111111001101101111111101011111110110101101011100001011111111011
10101111001011000011101100101010010001111110101011110111110111000111110011111011101110000111101010000101110111011011111011111101111110110101011010101110101001111000001011101111011101111111110100010101
00010111111101001000100110011100011010111111111000101111001110010111111101001100101100111001011111101111010101111101111111010111110001100111011110110000111110000101111101110110100110011010101111100010
11111000010111010110011110010100110110001111111110111100111011010011111101000010001011011101111010110101001011001110101110101111010001101011011100000110110000111011000001011111001110011100111111101111
11101101001110010111000110011101011111111011001111011101001111111000101110101100010111100111010110011001111111101110111001010110111000111011110101110110011001111011011111101111001111101010110001110110
11111011011000111110111110111111011101111010110111111000110111010101000101000111001111111111111110110100111101011010010100111111111000111100111011001111101111101011100111000111010110011110011011111010
01111101011000000101000011111011100011011011011110011011101001101001101111011111111111011101010001110101111111011100010101100100110001111111111110111110011101011001000101011001011111001111010010111111
10011110111001101001010011011101000111110110111010101100110001000100001111110000010111010111011011100111011111010000111001101001011010000101010011111110010001010111110111001110110111101111111010010110
11100111001011111011011011011101100011101101110110111011100111110110111101101001100110000101001111011110111011111110011000101111110101010111001010111101100110110111100110111111110110111101011111110001
11011111010110011111000011111100001011101001111110111011101000111110111010111111110111000101010100011101001011001011011111101111001110111000110110100011011001101011011111110111111110011011011100110011
11001110111001110101101111101011000011111111010100101110110001011111101101001111001001101011111011111111111110111000110101010110100000101110011101000000011111010111001011111011010111010001111000010011
11011100011111010011111001111011101010111011101101101001111110101110001011101110110001001111010000110111100100011110101001000101011001100101011111010111000110001111101111010011110011100111011101111111
11101011001001001011111001111110111111101101111100101000110101011101101001001101010111111010111101101111101110010010011011101101100011101110011111011101101110110110011111100111001111001101111111111011
01111101111010111111011010011110001110111111110111111111100001011110111110110110101111011010100111010111100111110100111011011011111101101110101110010111110111110101111011111011101011010010111111101101
01111110110001011001101010110111110101010000111010111110010110110110011100001010101101101101110111110100011100110101101111100111110001001011110011111110111010101101011111101111011110011101111011001110
10111110011001001111011011110011001001111001111010100111011011101001011100010111001111010011001111111101011010011011110110011111101000111111101001100111010110111001101011001111010111101001101111111111
10001111111101111101110100101101001101100111111111101110001011111100100110100011011101101100110111100111110100101110001111101001101111101111110110011111110101110011111001011110011111111111001010011011
01010111111011111101111011111010110010110000010101011101111011001111111011110101101001110011101101111101101011010011111101110111111110000110110110111111111111011100001000011111101011001110111001111001
10111001011010001010101111100010010010011111101001001001000111001111010010001011010111110010111111111000100011111101101101111101011110011010000110000111111011111011101010110001010110111111111111011001
11110101011101110101010111010111110001001111101100110111101111111001111110111101010010110111010100010100110101110111101110011101100101001011010111111100011100110111000101001111011010010010110110100011
10101111110110101101001001111111111111110101111111111001110111000110001001110000011111111001110011110111111011111000100011001101100110110011011111101101010110111111001111101111000011001101110101011110
11100111101010001100101111100111111011111111101100111001101101101111000110011101101111111111111111011110001101011110011101100110111100111111111011011110110011010111100010010111001111110101100100100011
11100101110111010111011011111111101111101100010111101100110101100111111110110011111100111000011101010010110101101110010001101110101000001100011101111110111100111001011001111001010111011111111111110101
11111110011011010011010101011000101111101111001111001101011110110111101111100011011010111001101110011011001110101110110011001001001010010101110001101101101011110101111010111110111010101111011110100101
11110111010010001001101101101111111011001011111001101100110011100110110110111011101100111111110000001000011011100001110101111110100111110111011110110010011001010110001100110011101110100100101101110111
11111100010010111110011010101101011111110101110000101011000110101010111001110011111111011001111100100110111011110011110011000100010111111011111110011010100111010110111000000100111101001101100011111011
11011101010010011011101010011111110010000100111001001111001111111110101101110100111111111110110111111101101010001111111101001111010111111100110110000111111011100011011111011011110111001101010110111111
00111111111110110101011011011011111001010011000111101011110101001111100101011001110111000001111100111011110111101000011111010101111111010100111010001111001000101011110111010010100101010111101001001011
11101111111111110000110101111010100000101111101110011110010110001110000101001111001000010110011011001100011111101001011100011110111110011111110001110000110110011011111111000101100100101111110111100111
01110010011100011110001011011101111111100100111110101010111000111101010000101111110010101010111000001001111100110010101011111001010100101110001000010100101101100110111111110000001110111110111101000001
10101110001101101111110010111010110011100010101101010100111101010111101101111011010011111011110101101111110111011111111011101011000010111111101101110111000100111011001101111000010100100101010101001111
00111000100101010101100111101111001111011011111011011101100001111110011100111111011110110001101011111001010111001101000011100111110111101010100100101101111111101111000011001011011111011011011000011000
11000111101111101101000001001011111000111001011110001001110011011010011111110010111101110101110110000100101011100001001110010000011101001011110111110111111010000111111011010011010010111100100111100110
11110101110010111110111110111111111101110001101110000101011111111101111011101111100111010101101010111001101101110111010111001100011111010111110111111111010101000100001010110000000011111101101001111101
01011110001100111000101110101111011111011110110110101101110011101010100101101011111100101101111111011111011011111101111100101111101100111011110101011100000001011001110111101111111010111111011011111010
11111111011011100111011011100111110100100111110010011010010111001111011101111001111111110010011110011100111010001101010101100110100001101010111010110111100010110110110001010111010101110010110010001111
11100110101010011010000110000101110111011101111100101011111100100110101111001111010100100111111010111011111111110010011011100101011111110001111100110110001010010001111001110111011011001111011010101101
11101111110111111110011111101111111101111111011001111011011011011101110000111101000001101101110111010101111110111101001100100110100111111111111100111001011101001011101011011000111001111000110111100010
11011101100111000001111000111001111111111111011011111111110001111101110011110110101111110110111111110010110011001000111110111001011011010110001101111111111100101010101100011101101010101101101110100110
10010111001101011101110010100110111100000011101111100001111011110110010010010110110111101001100110101010101111001110001100011101011010111011010101110001111101111110011110101010011111111000111001010000
11010100001111011101011011101001101000011010111111010000011001101110111000000100100001010111100000011000100111111001111110111101100100001101101111101110001100111111100111001111000011111110011010101101
01111010001101111100111001111111110011111110100000011001111111001001010000110011010000111011100000101001000111010011111101101001111011110011111111011111111000101110010010111001111101001111101110111000
11111110111000011101110011000011110110111111010101111111001001011011110011111010111111100001011001010011110100100001111000111011110011000011111111101110011111011100110101111011001111001111111011111100
11111101001001111101111101000110110110111100111111111101101010111110101100101111011011110001111111001111101100011001110011100111101010111100010101001110101011111010111111010011011000011100011110110111
10001111000101111101100101110111011101111111010110111111010111111010110001101000110111101000100111011000001001011011111101001101111010111101101010101111011110011111010010110100110111100111000100100110
01111110010111110101111011110001010111001111111001111001110101011010111100111011110011110110001111001101111101101100110111110110101100111001001111111011101001110110000101100110111100111011011111110111
01000110111111110100010111110010011101101111100110101010111111110011011000111000111011000111110011110111101110001111011111001000110100110110111110100100011011011100000101111110111000011111111111111101
11110001111011101111101001011101101111111000001001110100011110100111101011111011101010011011011101010101111111111001100111111110111011000111110110100111101111111100101111111000110101111111110111011111
01101111110101111101100111011101010101010010101100001111101111111001111011111000011011101011111101110010011100111011100101011101101111011011010111101100111110011000111001001010000111011110010011101111
11010000001111101011110010111110111111110010101011001010011011100000000011011101111110010101000111001000111110001010111101111111100111010110101110110001111010110111110111111111101011011010010011101100
10100100111011111111100011101101111001101101111101010000101100101111111101011011101111111111111111101111010110111111111100011111101011100111011110011001111011011111011011110100111101100011110000000110
11111001011011010000110011101111001100100111101101111111011011111011110011110010111110010011111011010111101000011101101011000011110111011100111001011011101101111010101011101101111000111111001111110110
01111011100010010101111011110111011110011000110111111110111101101111001010010111101110111100011101001111100111110101110001111101111111101111110111110111001010011111001001101000100111111010111110010011
10110011010101101101111110111011111110001011111100111100111110011110101100001101011101110000110011111011110111111001111000011010000111011111110111101011111110111010010100111110100111100110100101111111
01011001111111101000010011111111110011001000110011111010011101110101111000101110001101110111000110100111011000111110000101011100011111101001001111101101000111011101111111101011101110111110100000000001
11011100110000111011011011000010000111110011111100101110011010100101110101111011111101101111110101111000011010110111000101111011111101011111100111110111111100011111100011000111011111101111010011111100
01110111011001110010100101100010111001011010110011101100010001011111011111110111000001111010010101110011110110101101100111011111111010001000111100110110111111010100000110001000001011011111111011100110
11101101101111110111111100100001111111110011001111111001111010101111001111101100101111010111100011110001010110111110101000101100110111111001011011001111101101110101111111111010011111100111110101111111
10101101010011010110110101001011111100100011010010101010111110101110111111011011011111011101101111110011111111111110011011111111010111110111000101111111011000111010100110101000110101010010101101101111
01000001111001111111011111111001111101111101110011001110111001010001101101011101111110101000101111101010111111001101111001011011010111111010001110111111101111010100111111111011101011110001011101000001
01001110011100010001101101101111110111101100101010111111100011101111011100101101000111111111000010011011101111010010011001111010111010011010111111101111001110110011111110110101010111000101011111011111
11110011100111101011000110011111101000100111001110001111100111101011110101100111100000110111111010010001110111001110110110110010011010101011111010111010101110101101111011111111101110101010001101010101
01011111111110111000110010011011101111111010100011101010111110101000011110011001011111101111011101101100111111111101010100111000111011010101110010110100011110000111010111100101110000111110101110111001
10100110010100110100111110100000111110011111111000101111111111111100111110011100100111111101110111001101010011100111011010110001111111111111111110111111111011110111000100001110110111101011011100100111
11011011100110110110110011101001111011001111101101111001011111101010101000110100111001101011010011010111101110110100100111101000111101010011001011111011110101011101001111011001010101111010111011101010
11101110100111111110100100011000011001011011010100111011011010110111111111101101100101000101010010010111111011011010110100110011000001110111110111010011111011110001111001100111000001111001110111011111
01011101011111100100101011011101111101111010011011111011110011001001011111111111100001111111100111101100100111001011110010101100101001101110011001011010001111100000010100100101111100111110001001011000
11110110111110011111011101001101101011100101011111011111011110010011101101010010011111001011101110011001111101110110011011100010011110101010101010001101101011111111110101001111100000010101110111101010
11111111101001011111111011100011101100111111100101110011110101100001011111010111000111000110101101110101101111111111100101000111001101111111111111111111001110111110111101110001100111010010001100100010
00001010110111011001101101101110110011000100001000100101111111101111100010011110111010010111101111001010011011010100001101100100111111110111011111100100100100111111010011011111011011111111110001100001
11110101111100110001100000011000101111011101111101110110110011001110110111110111001101000010010000110111110010111011100010111010001111011110110101111010111100111100011111011010111111100110101010000101
11100111110010110110100111111110101001001111000110011111110101110110111110111011010110011001001110111111000101111001111111110010111110111000111110100101011000111010111111110110110111001011001111010111
11110101010111100010100101110010000111001101111001110010111001101100100000111011010110000111011111111110111101111110011101110101100100010000110101101001111110101001011100100111110101011110001111010111
01111110110111111101000111110111001100110110101100010001110010011111011010100100110011011111010010110010101101001010101110010111110101100011101001101111100010110010111110011111111000110000101010111010
10111100010111001100010010111110001101101001111011101111100010101101100111101111010101101011010100101001110100000110111110010111001011110001110011001011110011111111111111010010010111011011100001011110
11111100100001001111000110100111111111011000111001111100011100101000111010011111111111101011110100001111111111010111110111011001111000100011011101001011100110010111111101011111011110111110011111101110
01101001101011111100011110101110011111101011100110111110111001111100011110101101011100100111010111111011010000110001011111000100011101101110100011011111011101110111111100101010110101010111011000011110
00110010101010000101101101011111101011111110011101001000010100110111001011010101110111001001100110111111111001011010011110111100101110110010111001111111110100001110110010101111111100011010000110101111
01010101111110110110110111110101110111010111101101111110100010111011111100101111111111001110111111101111111100110100011111110111100101101111111101101010110110111110011001110110011010011101011010101101
11011101001010111001010110011101000001101000000100100010111101001010111110110110101101100011110100011101110001010111000011001101001011011110111111001111110011010011000111101111101001011001110011101101
11111111110101111001110111111011000111101011110101101010111110010111101101111101011101011011011001011110100111001111011011011011110011110110110010001011100100011110111001011001111111111001100111110100
01100111111111011101111000111111111011111111010100111110111010001101011010111011011011000110101101110100111110110110010001100100111111000111101111011110101100101100101110111100011110011011011101010111
01100111011011111111011001001111010110111100100111100111000110011011101101011000101111111001111110111001011110111010100100000111010100011100111010100001111011101011101011101100111110111010111110010101
11100001101011011111110010011110111101110101011110110010111011100011111011111110011100101110111110111111111110111011011000110111001101101101100011101010101010101111111111100010110100011101111010100111
11111111101111110111111110000111111100111111000011111010100111111011011101101101100110001011101111011111111011111101010100110111010111100000101001100011110111111001101010110001000111011100011000110111
10010001110110000011110111001111011011111110111101000011100000101011001111010011000101010111010000111010100010000011111100000100110010011110111111000110111001110111100110110110101000001111110011011110
00111111011101101011000111000010110010010001111111111101010111101111011111101001110110110110100011111110011101100110110001110111101010111110011000101101011101001111111111011110010111011111101110111100
10001111011111100011101111100111111111110110011111111101101101110111001110111111110010000011101101001001110110101011100010100101111011101100111001111010100001001100101011111100101111111001111101011011
01101010101010100111110110100110110111010010000111111111010110001100111001000111011100001000111111111101011101001101111111100010001011011011010111101101101101010111011110011111011110101111110111101111
10011110101001011100010111111110001101110000011101101101000010011101100000100001110011010101011111111111111111111111010010111101011101010001100111111011101000011110011001011101011110111111011011111001
01111011100110110110100101011111000110010111011111001000111101110000101011101010000111101111100101100111101110011100111000101011101111010011110110111111001110011111010100110001011001011111111100110111
01111110110011111100111010100000111011101000110100100011100110001111111111111010110000000001100100110010001101001011000111011110111100011010011111101010111111001100101000010100001110110111101101000110
10110101010111111011010001010011111111101001010101111110111010111000000001111011011111011110111010011100110101101100001010111110101100101111101101010110010111111001111111111111011011111111011110000111
01011110011011010111101100010101011001111100111101000111011111010111101111110001110010011100111111111001011111010110110110111101111111101111101101110000111111001011011011111111111111011101100101000010
11101110111111010111010101100110011101111001010110111000010110011011111111010011101001110100101011110011010111011111111111011101010111110111001011111001010001101101001101000011110111111110010110101011
10111011011100000110101101000101101111100111011101011010011101100000111010101010100111111100110111101010100111100110001110100111000111011111111111111100111101011111011110001100110111110111001001001111
10001110000011111111000100010011111110111100110100111001101111101001110011111011111011110011100001111111011101011110111101101101010011011110011000111011001010101010010101111010111111111011011011110111
01011011011111011010110001101011011000011011001111010101110111111110010001101111000011100110111100100101111011111101101110011010111011000110010111011100010110101100110000110110111101101000110101100001
11010011010101000010111011110111001011001011001010101100111111110110100110100101000101110011101111111111110011110110010111100111101101101111110100111011001110101000001101101111101111010101111011111010
01111001101100111000101111010110110001011111110011101011111010111100010000010001100011111101011010111111111111000111001010101101011111101100001100010111111101010111101101001111011011110011011111000110
00111101110000011110011100101010101100111000111111111111111011011100011111111011101101111111111000011011101001111111010111010000110010111110001110001111111010110011001010011100011101111100101101111011
10010001001101011011011101010101010100010010110100010101110001110100011000111011100110010111011011110001111101100110110100010111110111101111101100110001010110100111101011110110110110010101011011111010
01110101110111011111110101011110101011011100111000001001100111111011101111011101110111011101011110010011111011010101101111011100101001001111101010111111100111101011011000111000101110101011111111001101
01111101100110101101101100100111111101100011011010111001001111111110111100111111110101011011011111011011101010101111110100011101110111111101101010111100011100111000101011110011010111000101110110101100
01111000000111101110011110000101110111111100111011001111101110111011111110001111110100111111100111111111001111010101110000101100001011101110001110101001110011000011110100011101111011000001010110011000
10111111111011110011010101111110010010011101101001010011111111101101110011111011101011101001001011000011111111010000111001101111000111000111100010101101010111100000111111100000111110000110010111111111
10001111110010110110011110001110010111011100110011101011111011111000000010011111111111110000101101100010111000010111010101011011010101111111111010111101101010000111011111111111110101110011001001101110
10000101111101010010101011100111001110001100011101110101000101101101110101110111101110111111011111101111011100111001111101010110110000111011011110011101001110110011111110001011101101111111011110001110
11100000111110001111111111011101111110011001010011001101111001111101110011100101111010011011101001011111101111101111111111001011000100101111000111001111111010001111000011101111001111010111100101001001
